0.009100 0.000000
0.018099 0.000000
0.027098 0.000000
0.036098 0.000000
0.045098 0.034422
0.054097 0.042225
0.063097 0.051735
0.072096 0.063417
0.081096 0.079194
0.090095 0.101531
0.099095 0.134686
0.108094 0.182427
0.117094 0.248783
0.126093 0.336877
0.135092 0.450773
0.144092 0.594269
0.153092 0.772999
0.162091 0.991669
0.171090 1.254885
0.180090 1.560615
0.189090 1.896436
0.198089 2.239102
0.207089 2.561386
0.216088 2.839397
0.225087 3.063564
0.234087 3.240514
0.243087 3.389417
0.252086 3.532897
0.261086 3.691431
0.270085 3.876621
0.279085 4.092024
0.288084 4.330426
0.297083 4.575247
0.306083 4.801523
0.315082 4.977599
0.324082 5.074083
0.333082 5.067464
0.342081 4.945964
0.351081 4.714660
0.360080 4.389015
0.369080 3.992217
0.378079 3.551874
0.387078 3.099177
0.396078 2.661728
0.405077 2.262588
0.414077 1.914025
0.423077 1.616788
0.432076 1.362230
0.441076 1.139653
0.450075 0.939855
0.459074 0.760023
0.468074 0.600993
0.477073 0.466189
0.486073 0.356621
0.495073 0.271775
0.504072 0.207982
0.513071 0.162195
0.522071 0.129695
0.531070 0.107508
0.540070 0.092501
0.549070 0.082224
0.558069 0.074602
0.567069 0.068510
0.576068 0.063433
0.585068 0.059252
0.594067 0.055658
0.603067 0.052201
0.612066 0.048394
0.621065 0.043928
0.630065 0.038796
0.639064 0.033366
0.648064 0.028062
0.657063 0.023382
0.666063 0.019606
0.675062 0.016850
0.684062 0.015077
0.693061 0.014281
0.702061 0.014401
0.711061 0.015465
0.720060 0.017305
0.729060 0.019624
0.738059 0.021981
0.747059 0.023839
0.756058 0.024522
0.765058 0.023959
0.774057 0.022584
0.783056 0.020741
0.792056 0.018813
0.801055 0.017299
0.810055 0.016651
0.819054 0.016384
0.828054 0.016060
0.837053 0.015537
0.846053 0.014666
0.855052 0.013291
0.864052 0.011484
0.873052 0.009562
0.882051 0.007789
0.891051 0.006266
0.900050 0.005003
0.909050 0.003984
0.918049 0.003187
0.927049 0.002571
0.936048 0.002081
0.945047 0.001679
0.954047 0.001374
0.963046 0.001173
0.972046 0.001048
0.981045 0.000967
0.990045 0.000904
0.999044 0.000858
1.008044 0.000855
1.017043 0.000900
1.026043 0.000999
1.035043 0.001163
1.044042 0.001389
1.053041 0.001644
1.062041 0.001866
1.071041 0.001988
1.080040 0.001998
1.089039 0.001921
1.098039 0.001794
1.107038 0.001663
1.116038 0.001580
1.125038 0.001553
1.134037 0.001583
1.143036 0.001670
1.152036 0.001802
1.161036 0.001953
1.170035 0.002095
1.179034 0.002230
1.188034 0.002347
1.197034 0.002434
1.206033 0.002474
1.215032 0.002440
1.224032 0.002336
1.233032 0.002190
1.242031 0.002014
1.251030 0.001828
1.260030 0.001633
1.269029 0.001431
1.278029 0.001244
1.287029 0.001093
1.296028 0.000996
1.305027 0.000953
1.314027 0.000937
1.323027 0.000920
1.332026 0.000887
1.341025 0.000837
1.350025 0.000779
1.359025 0.000726
1.368024 0.000689
1.377023 0.000679
1.386023 0.000695
1.395023 0.000734
1.404022 0.000787
1.413021 0.000842
1.422021 0.000880
1.431020 0.000885
1.440020 0.000860
1.449020 0.000811
1.458019 0.000744
1.467018 0.000672
1.476018 0.000611
1.485018 0.000568
1.494017 0.000541
1.503016 0.000528
1.512016 0.000519
1.521016 0.000510
1.530015 0.000497
1.539014 0.000481
1.548014 0.000463
1.557014 0.000446
1.566013 0.000431
1.575012 0.000420
1.584012 0.000411
1.593011 0.000406
1.602011 0.000403
1.611011 0.000401
1.620010 0.000401
1.629009 0.000404
1.638009 0.000410
1.647009 0.000421
1.656008 0.000434
1.665007 0.000448
1.674007 0.000469
1.683007 0.000497
1.692006 0.000521
1.701005 0.000536
1.710005 0.000542
1.719005 0.000551
1.728004 0.000565
1.737003 0.000592
1.746003 0.000640
1.755002 0.000697
1.764002 0.000742
1.773002 0.000761
1.782001 0.000742
1.791000 0.000683
1.800000 0.000601
