0.009100 0.000000
0.018099 0.000000
0.027098 0.000000
0.036098 0.000000
0.045098 0.009489
0.054097 0.010650
0.063097 0.011693
0.072096 0.012413
0.081096 0.012696
0.090095 0.012550
0.099095 0.012066
0.108094 0.011371
0.117094 0.010608
0.126093 0.009833
0.135092 0.009019
0.144092 0.008132
0.153092 0.007169
0.162091 0.006149
0.171090 0.005109
0.180090 0.004156
0.189090 0.003394
0.198089 0.002840
0.207089 0.002454
0.216088 0.002196
0.225087 0.002042
0.234087 0.002021
0.243087 0.002211
0.252086 0.002761
0.261086 0.003876
0.270085 0.005754
0.279085 0.008449
0.288084 0.011738
0.297083 0.015074
0.306083 0.017792
0.315082 0.019245
0.324082 0.019181
0.333082 0.017663
0.342081 0.015044
0.351081 0.011953
0.360080 0.008960
0.369080 0.006460
0.378079 0.004603
0.387078 0.003332
0.396078 0.002498
0.405077 0.001972
0.414077 0.001655
0.423077 0.001475
0.432076 0.001381
0.441076 0.001341
0.450075 0.001349
0.459074 0.001419
0.468074 0.001571
0.477073 0.001815
0.486073 0.002149
0.495073 0.002579
0.504072 0.003142
0.513071 0.003918
0.522071 0.005028
0.531070 0.006647
0.540070 0.009064
0.549070 0.012777
0.558069 0.018425
0.567069 0.027069
0.576068 0.040088
0.585068 0.059989
0.594067 0.089373
0.603067 0.132672
0.612066 0.195024
0.621065 0.284691
0.630065 0.410508
0.639064 0.582064
0.648064 0.806248
0.657063 1.086530
0.666063 1.419906
0.675062 1.798960
0.684062 2.211731
0.693061 2.643236
0.702061 3.075070
0.711061 3.487182
0.720060 3.857272
0.729060 4.163908
0.738059 4.389607
0.747059 4.525429
0.756058 4.571210
0.765058 4.535513
0.774057 4.431861
0.783056 4.278652
0.792056 4.094449
0.801055 3.896954
0.810055 3.702436
0.819054 3.522553
0.828054 3.364003
0.837053 3.227777
0.846053 3.108962
0.855052 2.999006
0.864052 2.886344
0.873052 2.760607
0.882051 2.613055
0.891051 2.441067
0.900050 2.247704
0.909050 2.041791
0.918049 1.834726
0.927049 1.639178
0.936048 1.463886
0.945047 1.312579
0.954047 1.181938
0.963046 1.065769
0.972046 0.956330
0.981045 0.849336
0.990045 0.743317
0.999044 0.640859
1.008044 0.544909
1.017043 0.457803
1.026043 0.380177
1.035043 0.312194
1.044042 0.253154
1.053041 0.202891
1.062041 0.160815
1.071041 0.126282
1.080040 0.098275
1.089039 0.075776
1.098039 0.057944
1.107038 0.044191
1.116038 0.033850
1.125038 0.026468
1.134037 0.021258
1.143036 0.017618
1.152036 0.014867
1.161036 0.012656
1.170035 0.010723
1.179034 0.008958
1.188034 0.007358
1.197034 0.006112
1.206033 0.005311
1.215032 0.004853
1.224032 0.004594
1.233032 0.004459
1.242031 0.004390
1.251030 0.004266
1.260030 0.003964
1.269029 0.003585
1.278029 0.003209
1.287029 0.002885
1.296028 0.002653
1.305027 0.002502
1.314027 0.002397
1.323027 0.002310
1.332026 0.002198
1.341025 0.002044
1.350025 0.001875
1.359025 0.001722
1.368024 0.001615
1.377023 0.001584
1.386023 0.001627
1.395023 0.001737
1.404022 0.001900
1.413021 0.002071
1.422021 0.002188
1.431020 0.002178
1.440020 0.002019
1.449020 0.001750
1.458019 0.001421
1.467018 0.001090
1.476018 0.000799
1.485018 0.000558
1.494017 0.000375
1.503016 0.000255
1.512016 0.000182
1.521016 0.000140
1.530015 0.000118
1.539014 0.000111
1.548014 0.000114
1.557014 0.000123
1.566013 0.000137
1.575012 0.000157
1.584012 0.000181
1.593011 0.000215
1.602011 0.000259
1.611011 0.000315
1.620010 0.000382
1.629009 0.000461
1.638009 0.000547
1.647009 0.000636
1.656008 0.000718
1.665007 0.000801
1.674007 0.000905
1.683007 0.001044
1.692006 0.001202
1.701005 0.001342
1.710005 0.001457
1.719005 0.001589
1.728004 0.001761
1.737003 0.001995
1.746003 0.002309
1.755002 0.002726
1.764002 0.003133
1.773002 0.003488
1.782001 0.003711
1.791000 0.003801
1.800000 0.003779
