    0.10000E-03    0.43674E+03
    0.10202E-03    0.44520E+03
    0.10408E-03    0.45383E+03
    0.10618E-03    0.46262E+03
    0.10833E-03    0.47159E+03
    0.11052E-03    0.48072E+03
    0.11275E-03    0.49004E+03
    0.11503E-03    0.49953E+03
    0.11735E-03    0.50921E+03
    0.11972E-03    0.51907E+03
    0.12214E-03    0.52913E+03
    0.12461E-03    0.53938E+03
    0.12712E-03    0.54983E+03
    0.12969E-03    0.56048E+03
    0.13231E-03    0.57133E+03
    0.13499E-03    0.58240E+03
    0.13771E-03    0.59368E+03
    0.14049E-03    0.60518E+03
    0.14333E-03    0.61690E+03
    0.14623E-03    0.62884E+03
    0.14918E-03    0.64102E+03
    0.15220E-03    0.65343E+03
    0.15527E-03    0.66608E+03
    0.15841E-03    0.67898E+03
    0.16161E-03    0.69213E+03
    0.16487E-03    0.70553E+03
    0.16820E-03    0.71919E+03
    0.17160E-03    0.73311E+03
    0.17507E-03    0.74730E+03
    0.17860E-03    0.76176E+03
    0.18221E-03    0.77651E+03
    0.18589E-03    0.79154E+03
    0.18965E-03    0.80686E+03
    0.19348E-03    0.82247E+03
    0.19739E-03    0.83838E+03
    0.20138E-03    0.85460E+03
    0.20544E-03    0.87114E+03
    0.20959E-03    0.88799E+03
    0.21383E-03    0.90517E+03
    0.21815E-03    0.92268E+03
    0.22255E-03    0.94052E+03
    0.22705E-03    0.95871E+03
    0.23164E-03    0.97725E+03
    0.23632E-03    0.99614E+03
    0.24109E-03    0.10154E+04
    0.24596E-03    0.10350E+04
    0.25093E-03    0.10550E+04
    0.25600E-03    0.10754E+04
    0.26117E-03    0.10962E+04
    0.26645E-03    0.11174E+04
    0.27183E-03    0.11390E+04
    0.27732E-03    0.11610E+04
    0.28292E-03    0.11834E+04
    0.28864E-03    0.12062E+04
    0.29447E-03    0.12295E+04
    0.30042E-03    0.12533E+04
    0.30649E-03    0.12775E+04
    0.31268E-03    0.13021E+04
    0.31899E-03    0.13272E+04
    0.32544E-03    0.13528E+04
    0.33201E-03    0.13789E+04
    0.33872E-03    0.14055E+04
    0.34556E-03    0.14326E+04
    0.35254E-03    0.14603E+04
    0.35966E-03    0.14884E+04
    0.36693E-03    0.15171E+04
    0.37434E-03    0.15463E+04
    0.38190E-03    0.15761E+04
    0.38962E-03    0.16064E+04
    0.39749E-03    0.16373E+04
    0.40552E-03    0.16689E+04
    0.41371E-03    0.17010E+04
    0.42207E-03    0.17337E+04
    0.43060E-03    0.17670E+04
    0.43929E-03    0.18010E+04
    0.44817E-03    0.18356E+04
    0.45722E-03    0.18708E+04
    0.46646E-03    0.19068E+04
    0.47588E-03    0.19434E+04
    0.48550E-03    0.19807E+04
    0.49530E-03    0.20186E+04
    0.50531E-03    0.20573E+04
    0.51552E-03    0.20968E+04
    0.52593E-03    0.21370E+04
    0.53656E-03    0.21779E+04
    0.54739E-03    0.22196E+04
    0.55845E-03    0.22620E+04
    0.56973E-03    0.23053E+04
    0.58124E-03    0.23494E+04
    0.59299E-03    0.23942E+04
    0.60496E-03    0.24400E+04
    0.61719E-03    0.24865E+04
    0.62965E-03    0.25340E+04
    0.64237E-03    0.25823E+04
    0.65535E-03    0.26315E+04
    0.66859E-03    0.26816E+04
    0.68210E-03    0.27326E+04
    0.69588E-03    0.27846E+04
    0.70993E-03    0.28375E+04
    0.72427E-03    0.28914E+04
    0.73891E-03    0.29463E+04
    0.75383E-03    0.30021E+04
    0.76906E-03    0.30590E+04
    0.78460E-03    0.31170E+04
    0.80045E-03    0.31760E+04
    0.81662E-03    0.32360E+04
    0.83311E-03    0.32971E+04
    0.84994E-03    0.33594E+04
    0.86711E-03    0.34227E+04
    0.88463E-03    0.34872E+04
    0.90250E-03    0.35529E+04
    0.92073E-03    0.36197E+04
    0.93933E-03    0.36877E+04
    0.95831E-03    0.37569E+04
    0.97767E-03    0.38274E+04
    0.99742E-03    0.38991E+04
    0.10176E-02    0.39720E+04
    0.10381E-02    0.40463E+04
    0.10591E-02    0.41218E+04
    0.10805E-02    0.41987E+04
    0.11023E-02    0.42769E+04
    0.11246E-02    0.43564E+04
    0.11473E-02    0.44373E+04
    0.11705E-02    0.45196E+04
    0.11941E-02    0.46034E+04
    0.12182E-02    0.46885E+04
    0.12429E-02    0.47752E+04
    0.12680E-02    0.48632E+04
    0.12936E-02    0.49528E+04
    0.13197E-02    0.50439E+04
    0.13464E-02    0.51365E+04
    0.13736E-02    0.52306E+04
    0.14013E-02    0.53263E+04
    0.14296E-02    0.54236E+04
    0.14585E-02    0.55225E+04
    0.14880E-02    0.56230E+04
    0.15180E-02    0.57251E+04
    0.15487E-02    0.58289E+04
    0.15800E-02    0.59344E+04
    0.16119E-02    0.60415E+04
    0.16445E-02    0.61503E+04
    0.16777E-02    0.62609E+04
    0.17116E-02    0.63732E+04
    0.17462E-02    0.64872E+04
    0.17814E-02    0.66031E+04
    0.18174E-02    0.67207E+04
    0.18541E-02    0.68401E+04
    0.18916E-02    0.69613E+04
    0.19298E-02    0.70843E+04
    0.19688E-02    0.72092E+04
    0.20086E-02    0.73359E+04
    0.20491E-02    0.74645E+04
    0.20905E-02    0.75949E+04
    0.21328E-02    0.77272E+04
    0.21758E-02    0.78615E+04
    0.22198E-02    0.79976E+04
    0.22646E-02    0.81356E+04
    0.23104E-02    0.82756E+04
    0.23571E-02    0.84175E+04
    0.24047E-02    0.85613E+04
    0.24533E-02    0.87071E+04
    0.25028E-02    0.88548E+04
    0.25534E-02    0.90045E+04
    0.26050E-02    0.91561E+04
    0.26576E-02    0.93097E+04
    0.27113E-02    0.94652E+04
    0.27660E-02    0.96227E+04
    0.28219E-02    0.97821E+04
    0.28789E-02    0.99435E+04
    0.29371E-02    0.10107E+05
    0.29964E-02    0.10272E+05
    0.30569E-02    0.10439E+05
    0.31187E-02    0.10608E+05
    0.31817E-02    0.10779E+05
    0.32460E-02    0.10951E+05
    0.33115E-02    0.11126E+05
    0.33784E-02    0.11302E+05
    0.34467E-02    0.11480E+05
    0.35163E-02    0.11660E+05
    0.35874E-02    0.11842E+05
    0.36598E-02    0.12026E+05
    0.37338E-02    0.12212E+05
    0.38092E-02    0.12400E+05
    0.38861E-02    0.12589E+05
    0.39646E-02    0.12781E+05
    0.40447E-02    0.12974E+05
    0.41264E-02    0.13169E+05
    0.42098E-02    0.13365E+05
    0.42948E-02    0.13563E+05
    0.43816E-02    0.13761E+05
    0.44701E-02    0.13960E+05
    0.45604E-02    0.14159E+05
    0.46525E-02    0.14359E+05
    0.47465E-02    0.14559E+05
    0.48424E-02    0.14759E+05
    0.49402E-02    0.14959E+05
    0.50400E-02    0.15160E+05
    0.51419E-02    0.15361E+05
    0.52457E-02    0.15563E+05
    0.53517E-02    0.15765E+05
    0.54598E-02    0.15968E+05
    0.55701E-02    0.16172E+05
    0.56826E-02    0.16378E+05
    0.57974E-02    0.16585E+05
    0.59145E-02    0.16793E+05
    0.60340E-02    0.17003E+05
    0.61559E-02    0.17213E+05
    0.62803E-02    0.17424E+05
    0.64072E-02    0.17636E+05
    0.65366E-02    0.17848E+05
    0.66686E-02    0.18059E+05
    0.68033E-02    0.18271E+05
    0.69408E-02    0.18481E+05
    0.70810E-02    0.18691E+05
    0.72240E-02    0.18899E+05
    0.73700E-02    0.19107E+05
    0.75189E-02    0.19313E+05
    0.76708E-02    0.19517E+05
    0.78257E-02    0.19720E+05
    0.79838E-02    0.19922E+05
    0.81451E-02    0.20121E+05
    0.83096E-02    0.20319E+05
    0.84775E-02    0.20514E+05
    0.86488E-02    0.20707E+05
    0.88235E-02    0.20898E+05
    0.90017E-02    0.21087E+05
    0.91836E-02    0.21273E+05
    0.93691E-02    0.21455E+05
    0.95583E-02    0.21635E+05
    0.97514E-02    0.21811E+05
    0.99484E-02    0.21984E+05
    0.10149E-01    0.22152E+05
    0.10354E-01    0.22317E+05
    0.10564E-01    0.22477E+05
    0.10777E-01    0.22633E+05
    0.10995E-01    0.22784E+05
    0.11217E-01    0.22930E+05
    0.11443E-01    0.23070E+05
    0.11675E-01    0.23206E+05
    0.11910E-01    0.23335E+05
    0.12151E-01    0.23458E+05
    0.12397E-01    0.23575E+05
    0.12647E-01    0.23686E+05
    0.12902E-01    0.23790E+05
    0.13163E-01    0.23887E+05
    0.13429E-01    0.23976E+05
    0.13700E-01    0.24058E+05
    0.13977E-01    0.24133E+05
    0.14259E-01    0.24199E+05
    0.14547E-01    0.24257E+05
    0.14841E-01    0.24306E+05
    0.15141E-01    0.24347E+05
    0.15447E-01    0.24378E+05
    0.15759E-01    0.24400E+05
    0.16077E-01    0.24413E+05
    0.16402E-01    0.24415E+05
    0.16734E-01    0.24408E+05
    0.17072E-01    0.24391E+05
    0.17416E-01    0.24363E+05
    0.17768E-01    0.24324E+05
    0.18127E-01    0.24275E+05
    0.18493E-01    0.24215E+05
    0.18867E-01    0.24143E+05
    0.19248E-01    0.24061E+05
    0.19637E-01    0.23967E+05
    0.20034E-01    0.23862E+05
    0.20438E-01    0.23745E+05
    0.20851E-01    0.23617E+05
    0.21272E-01    0.23477E+05
    0.21702E-01    0.23326E+05
    0.22141E-01    0.23163E+05
    0.22588E-01    0.22989E+05
    0.23044E-01    0.22804E+05
    0.23510E-01    0.22608E+05
    0.23985E-01    0.22400E+05
    0.24469E-01    0.22183E+05
    0.24964E-01    0.21954E+05
    0.25468E-01    0.21716E+05
    0.25982E-01    0.21468E+05
    0.26507E-01    0.21211E+05
    0.27043E-01    0.20946E+05
    0.27589E-01    0.20672E+05
    0.28146E-01    0.20389E+05
    0.28715E-01    0.20100E+05
    0.29295E-01    0.19803E+05
    0.29887E-01    0.19500E+05
    0.30490E-01    0.19193E+05
    0.31106E-01    0.18880E+05
    0.31735E-01    0.18565E+05
    0.32376E-01    0.18246E+05
    0.33030E-01    0.17925E+05
    0.33697E-01    0.17603E+05
    0.34378E-01    0.17280E+05
    0.35072E-01    0.16957E+05
    0.35781E-01    0.16635E+05
    0.36504E-01    0.16314E+05
    0.37241E-01    0.15997E+05
    0.37993E-01    0.15683E+05
    0.38761E-01    0.15375E+05
    0.39544E-01    0.15072E+05
    0.40343E-01    0.14775E+05
    0.41158E-01    0.14485E+05
    0.41989E-01    0.14203E+05
    0.42838E-01    0.13929E+05
    0.43703E-01    0.13664E+05
    0.44586E-01    0.13407E+05
    0.45486E-01    0.13160E+05
    0.46405E-01    0.12922E+05
    0.47343E-01    0.12693E+05
    0.48299E-01    0.12475E+05
    0.49275E-01    0.12266E+05
    0.50270E-01    0.12067E+05
    0.51286E-01    0.11878E+05
    0.52322E-01    0.11699E+05
    0.53379E-01    0.11530E+05
    0.54457E-01    0.11368E+05
    0.55557E-01    0.11213E+05
    0.56680E-01    0.11063E+05
    0.57825E-01    0.10917E+05
    0.58993E-01    0.10774E+05
    0.60184E-01    0.10633E+05
    0.61400E-01    0.10493E+05
    0.62641E-01    0.10353E+05
    0.63906E-01    0.10211E+05
    0.65197E-01    0.10067E+05
    0.66514E-01    0.99185E+04
    0.67858E-01    0.97639E+04
    0.69229E-01    0.96017E+04
    0.70627E-01    0.94307E+04
    0.72054E-01    0.92497E+04
    0.73510E-01    0.90575E+04
    0.74994E-01    0.88533E+04
    0.76509E-01    0.86364E+04
    0.78055E-01    0.84067E+04
    0.79632E-01    0.81666E+04
    0.81241E-01    0.79199E+04
    0.82882E-01    0.76701E+04
    0.84556E-01    0.74205E+04
    0.86264E-01    0.71737E+04
    0.88007E-01    0.69323E+04
    0.89785E-01    0.66984E+04
    0.91598E-01    0.64740E+04
    0.93449E-01    0.62607E+04
    0.95337E-01    0.60596E+04
    0.97263E-01    0.58709E+04
    0.99227E-01    0.56944E+04
    0.10123E+00    0.55295E+04
    0.10328E+00    0.53760E+04
    0.10536E+00    0.52334E+04
    0.10749E+00    0.51015E+04
    0.10966E+00    0.49799E+04
    0.11188E+00    0.48685E+04
    0.11414E+00    0.47669E+04
    0.11644E+00    0.46748E+04
    0.11880E+00    0.45903E+04
    0.12120E+00    0.45109E+04
    0.12365E+00    0.44342E+04
    0.12614E+00    0.43579E+04
    0.12869E+00    0.42800E+04
    0.13129E+00    0.41985E+04
    0.13394E+00    0.41116E+04
    0.13665E+00    0.40177E+04
    0.13941E+00    0.39156E+04
    0.14223E+00    0.38042E+04
    0.14510E+00    0.36855E+04
    0.14803E+00    0.35626E+04
    0.15102E+00    0.34383E+04
    0.15407E+00    0.33151E+04
    0.15718E+00    0.31952E+04
    0.16036E+00    0.30807E+04
    0.16360E+00    0.29730E+04
    0.16690E+00    0.28735E+04
    0.17028E+00    0.27835E+04
    0.17371E+00    0.27038E+04
    0.17722E+00    0.26334E+04
    0.18080E+00    0.25706E+04
    0.18446E+00    0.25138E+04
    0.18818E+00    0.24614E+04
    0.19198E+00    0.24122E+04
    0.19586E+00    0.23649E+04
    0.19982E+00    0.23184E+04
    0.20386E+00    0.22717E+04
    0.20797E+00    0.22238E+04
    0.21218E+00    0.21738E+04
    0.21646E+00    0.21220E+04
    0.22083E+00    0.20689E+04
    0.22530E+00    0.20151E+04
    0.22985E+00    0.19612E+04
    0.23449E+00    0.19076E+04
    0.23923E+00    0.18548E+04
    0.24406E+00    0.18032E+04
    0.24899E+00    0.17531E+04
    0.25402E+00    0.17048E+04
    0.25915E+00    0.16585E+04
    0.26439E+00    0.16144E+04
    0.26973E+00    0.15722E+04
    0.27518E+00    0.15317E+04
    0.28074E+00    0.14929E+04
    0.28641E+00    0.14557E+04
    0.29219E+00    0.14199E+04
    0.29810E+00    0.13854E+04
    0.30412E+00    0.13522E+04
    0.31026E+00    0.13201E+04
    0.31653E+00    0.12891E+04
    0.32292E+00    0.12591E+04
    0.32945E+00    0.12301E+04
    0.33610E+00    0.12020E+04
    0.34289E+00    0.11748E+04
    0.34982E+00    0.11484E+04
    0.35689E+00    0.11228E+04
    0.36409E+00    0.10979E+04
    0.37145E+00    0.10738E+04
    0.37895E+00    0.10504E+04
    0.38661E+00    0.10276E+04
    0.39442E+00    0.10055E+04
    0.40239E+00    0.98404E+03
    0.41052E+00    0.96314E+03
    0.41881E+00    0.94282E+03
    0.42727E+00    0.92306E+03
    0.43590E+00    0.90383E+03
    0.44471E+00    0.88513E+03
    0.45369E+00    0.86693E+03
    0.46286E+00    0.84921E+03
    0.47221E+00    0.83197E+03
    0.48174E+00    0.81519E+03
    0.49148E+00    0.79885E+03
    0.50141E+00    0.78293E+03
    0.51153E+00    0.76742E+03
    0.52187E+00    0.75230E+03
    0.53241E+00    0.73757E+03
    0.54317E+00    0.72320E+03
    0.55414E+00    0.70919E+03
    0.56533E+00    0.69553E+03
    0.57675E+00    0.68219E+03
    0.58840E+00    0.66918E+03
    0.60029E+00    0.65647E+03
    0.61242E+00    0.64404E+03
    0.62479E+00    0.63190E+03
    0.63741E+00    0.62001E+03
    0.65029E+00    0.60838E+03
    0.66342E+00    0.59700E+03
    0.67683E+00    0.58584E+03
    0.69050E+00    0.57490E+03
    0.70445E+00    0.56417E+03
    0.71868E+00    0.55365E+03
    0.73320E+00    0.54332E+03
    0.74801E+00    0.53317E+03
    0.76312E+00    0.52321E+03
    0.77854E+00    0.51341E+03
    0.79426E+00    0.50379E+03
    0.81031E+00    0.49433E+03
    0.82668E+00    0.48502E+03
    0.84338E+00    0.47586E+03
    0.86041E+00    0.46684E+03
    0.87780E+00    0.45796E+03
    0.89553E+00    0.44922E+03
    0.91362E+00    0.44061E+03
    0.93208E+00    0.43212E+03
    0.95091E+00    0.42375E+03
    0.97011E+00    0.41550E+03
    0.98971E+00    0.40737E+03
    0.10097E+01    0.39934E+03
    0.10301E+01    0.39143E+03
    0.10509E+01    0.38361E+03
    0.10721E+01    0.37590E+03
    0.10938E+01    0.36829E+03
    0.11159E+01    0.36078E+03
    0.11384E+01    0.35336E+03
    0.11614E+01    0.34603E+03
    0.11849E+01    0.33880E+03
    0.12088E+01    0.33166E+03
    0.12333E+01    0.32460E+03
    0.12582E+01    0.31764E+03
    0.12836E+01    0.31076E+03
    0.13095E+01    0.30396E+03
    0.13360E+01    0.29725E+03
    0.13630E+01    0.29063E+03
    0.13905E+01    0.28409E+03
    0.14186E+01    0.27763E+03
    0.14472E+01    0.27125E+03
    0.14765E+01    0.26496E+03
    0.15063E+01    0.25875E+03
    0.15367E+01    0.25262E+03
    0.15678E+01    0.24658E+03
    0.15994E+01    0.24062E+03
    0.16318E+01    0.23474E+03
    0.16647E+01    0.22894E+03
    0.16984E+01    0.22322E+03
    0.17327E+01    0.21759E+03
    0.17677E+01    0.21205E+03
    0.18034E+01    0.20659E+03
    0.18398E+01    0.20121E+03
    0.18770E+01    0.19592E+03
    0.19149E+01    0.19071E+03
    0.19536E+01    0.18558E+03
    0.19930E+01    0.18055E+03
    0.20333E+01    0.17560E+03
    0.20744E+01    0.17073E+03
    0.21163E+01    0.16596E+03
    0.21590E+01    0.16127E+03
    0.22026E+01    0.15667E+03
    0.22471E+01    0.15216E+03
    0.22925E+01    0.14773E+03
    0.23388E+01    0.14340E+03
    0.23861E+01    0.13915E+03
    0.24343E+01    0.13499E+03
    0.24835E+01    0.13092E+03
    0.25336E+01    0.12693E+03
    0.25848E+01    0.12304E+03
    0.26370E+01    0.11923E+03
    0.26903E+01    0.11551E+03
    0.27447E+01    0.11187E+03
    0.28001E+01    0.10832E+03
    0.28567E+01    0.10486E+03
    0.29144E+01    0.10148E+03
    0.29733E+01    0.98185E+02
    0.30333E+01    0.94974E+02
    0.30946E+01    0.91845E+02
    0.31571E+01    0.88798E+02
    0.32209E+01    0.85831E+02
    0.32860E+01    0.82944E+02
    0.33523E+01    0.80135E+02
    0.34201E+01    0.77404E+02
    0.34892E+01    0.74750E+02
    0.35596E+01    0.72170E+02
    0.36316E+01    0.69664E+02
    0.37049E+01    0.67231E+02
    0.37798E+01    0.64869E+02
    0.38561E+01    0.62577E+02
    0.39340E+01    0.60354E+02
    0.40135E+01    0.58198E+02
    0.40946E+01    0.56108E+02
    0.41773E+01    0.54083E+02
    0.42617E+01    0.52121E+02
    0.43478E+01    0.50221E+02
    0.44356E+01    0.48381E+02
    0.45252E+01    0.46601E+02
    0.46166E+01    0.44878E+02
    0.47099E+01    0.43211E+02
    0.48050E+01    0.41599E+02
    0.49021E+01    0.40041E+02
    0.50011E+01    0.38535E+02
    0.51021E+01    0.37079E+02
    0.52052E+01    0.35673E+02
    0.53104E+01    0.34315E+02
    0.54176E+01    0.33004E+02
    0.55271E+01    0.31739E+02
    0.56387E+01    0.30517E+02
    0.57526E+01    0.29338E+02
    0.58689E+01    0.28201E+02
    0.59874E+01    0.27105E+02
    0.61084E+01    0.26047E+02
    0.62318E+01    0.25028E+02
    0.63577E+01    0.24045E+02
    0.64861E+01    0.23098E+02
    0.66171E+01    0.22186E+02
    0.67508E+01    0.21307E+02
    0.68872E+01    0.20461E+02
    0.70263E+01    0.19646E+02
    0.71682E+01    0.18862E+02
    0.73130E+01    0.18107E+02
    0.74608E+01    0.17380E+02
    0.76115E+01    0.16681E+02
    0.77653E+01    0.16009E+02
    0.79221E+01    0.15362E+02
    0.80822E+01    0.14740E+02
    0.82454E+01    0.14142E+02
    0.84120E+01    0.13566E+02
    0.85819E+01    0.13013E+02
    0.87553E+01    0.12481E+02
    0.89322E+01    0.11970E+02
    0.91126E+01    0.11479E+02
    0.92967E+01    0.11007E+02
    0.94845E+01    0.10553E+02
    0.96761E+01    0.10117E+02
    0.98716E+01    0.96986E+01
    0.10071E+02    0.92966E+01
    0.10274E+02    0.89108E+01
    0.10482E+02    0.85405E+01
    0.10694E+02    0.81853E+01
    0.10910E+02    0.78446E+01
    0.11130E+02    0.75180E+01
    0.11355E+02    0.72048E+01
